4
5 0 9 15 0 2 3 0 4 0 0 10 0 0 12 16 
0 0 0 12 0 0 0 0 1 6 11 13 10 9 14 0 
4 7 13 1 9 10 11 0 2 14 0 16 0 5 0 8 
11 0 10 0 13 14 0 16 0 0 9 12 1 2 0 0 
0 0 3 5 8 0 0 0 9 0 0 14 0 0 0 0 
0 4 8 0 6 12 13 0 5 11 16 0 15 0 0 0 
6 0 12 0 2 11 16 9 8 13 0 15 4 0 5 1 
13 11 15 0 0 3 5 0 0 0 12 4 0 0 2 9 
3 1 4 8 5 6 12 14 13 0 2 11 0 0 9 10 
2 9 0 0 11 4 0 0 14 16 1 0 13 0 0 3 
0 0 0 13 0 1 2 8 0 0 0 0 7 11 4 0 
0 15 11 10 16 7 0 13 0 3 0 8 0 14 0 2 
0 6 0 0 12 16 0 0 15 4 5 0 9 8 13 7 
0 12 0 4 15 0 6 5 16 0 0 1 0 10 3 0 
8 16 0 3 10 13 1 0 11 9 14 7 6 0 15 0 
15 0 14 11 7 0 4 0 10 0 8 6 0 1 16 0 