5
4 18 12 1 22 3 0 7 0 0 9 8 10 11 13 14 0 0 19 0 0 0 24 0 25 
0 2 3 14 0 0 4 8 11 0 5 6 12 15 16 20 21 0 0 0 10 17 18 19 22 
6 15 17 23 0 10 12 14 13 16 19 0 20 25 24 1 2 3 0 18 4 5 7 9 8 
10 19 0 8 0 15 17 0 25 24 1 3 18 23 0 4 0 6 9 7 2 13 11 12 14 
21 24 0 25 5 0 18 22 20 0 2 4 0 14 17 8 10 0 13 12 6 1 15 16 3 
1 4 2 5 6 17 0 20 21 0 7 0 0 10 12 13 16 0 0 0 0 22 25 24 23 
3 0 11 9 12 0 7 13 10 19 6 0 2 4 5 17 22 25 24 23 14 15 16 0 21 
7 0 13 16 0 2 15 6 0 14 23 24 0 18 3 9 4 0 20 21 0 0 12 11 0 
14 20 15 18 19 23 25 12 24 1 11 13 0 22 21 2 3 7 5 8 9 4 10 0 6 
22 21 23 0 0 8 0 0 9 0 14 0 0 19 20 0 6 12 0 10 7 3 1 2 0 
5 1 4 0 8 6 9 10 12 11 21 2 22 24 7 15 13 17 0 16 23 0 19 18 20 
2 6 0 10 9 4 1 16 0 5 0 15 0 3 23 25 19 20 12 0 21 14 13 0 24 
11 12 14 13 15 7 0 2 0 20 0 19 9 1 0 22 0 18 21 5 8 6 17 10 4 
16 17 0 19 21 0 22 24 14 25 4 20 5 6 10 0 0 8 1 2 11 0 0 0 12 
0 23 0 22 24 21 8 15 0 17 18 12 0 13 14 0 9 4 0 6 0 0 2 1 0 
8 0 1 0 10 9 6 18 0 0 20 16 0 21 0 5 14 15 17 4 25 23 22 0 11 
9 5 6 4 0 11 0 0 16 15 22 25 0 8 18 10 12 2 3 13 24 20 21 0 1 
12 7 0 15 13 0 0 25 0 0 0 0 4 0 6 0 11 9 16 20 17 19 8 14 10 
18 25 24 0 23 5 20 3 2 13 10 14 0 17 15 0 8 21 7 22 12 0 4 6 9 
0 16 22 17 0 14 10 4 0 21 12 7 13 0 11 6 1 24 23 25 15 0 5 3 2 
17 9 0 6 2 0 13 11 0 0 24 0 19 0 4 21 18 22 8 14 1 12 23 25 15 
0 11 8 7 1 12 24 19 0 10 25 22 6 16 9 23 0 0 4 3 13 0 14 21 0 
24 14 19 20 18 25 21 1 15 8 0 23 0 5 2 12 7 0 11 9 22 10 0 4 16 
0 13 0 12 0 22 14 0 6 18 15 11 21 7 0 16 0 19 2 0 3 24 0 0 17 
25 0 16 21 0 20 5 0 4 2 13 0 14 12 1 24 0 10 6 15 0 11 9 8 7 